36 80
100 100 0
150 100 0 
150 150 0 
100 150 0
100 100 100 
150 100 100 
150 150 100
100 150 100
245 120 0
325 100 0
375 100 0 
375 150 0 
325 150 0
325 100 100
375 100 100
375 150 100 
325 150 100
125 230 0
350 230 0
100 320 0
150 320 0 
150 370 0 
100 370 0
100 320 100
150 320 100 
150 370 100 
100 370 100
245 345 0
325 320 0
375 320 0 
375 370 0 
325 370 0
325 320 100
375 320 100 
375 370 100 
325 370 100
0 1 
1 2 
1 8
2 3
2 8 
3 0
4 5 
5 6
6 7
7 4
0 4
1 5
2 6
3 7
5 8 
6 8
9 10 
10 11 
11 12
12 9
13 14
14 15
15 16
16 13
9 13
10 14
11 15
12 16
9 8
12 8
13 8 
16 8
2 17 
3 17
6 17 
7 17
11 18 
12 18
15 18 
16 18
19 20
20 21
21 22
22 19
23 24
24 25
25 26
26 23
19 23
20 24
21 25
22 26
19 17
20 17
23 17 
24 17
20 27
21 27
24 27
25 27
28 29 
29 30 
30 31
31 28
32 33
33 34 
34 35
35 32
28 32
29 33
30 34
31 35
28 27
31 27
32 27
35 27
32 18 
33 18
28 18 
29 18










